5 99 60
4 35 36
4 79 28
2 30 30
4 52 45
6 18 54
3 10 81
1 45 46
1 41 70
6 45 86
1 92 86
2 43 76
1 33 98
2 72 82
1 27 39
4 18 69
5 87 84
3 51 27
4 37 22
5 50 82
2 34 62
4 74 54
1 14 67
4 66 92
3 49 35
1 41 61
4 25 96
3 46 37
3 63 84
4 52 96
3 32 64
1 83 100
6 92 39
5 89 94
2 20 12
1 43 47
3 39 65
5 16 48
5 37 99
2 11 18
3 83 81
6 100 32
6 68 54
1 74 53
4 55 74
3 46 64
1 50 33
5 37 27
6 23 29
1 82 24
2 43 76
4 74 96
5 54 65
5 12 88
4 85 50
1 81 85
3 62 96
1 13 74
2 60 14
2 69 67
2 44 65
4 81 33
4 42 12
3 16 43
1 33 53
5 93 70
2 17 78
4 54 49
5 33 17
6 89 77
1 66 43
5 81 59
5 55 64
5 82 32
4 42 91
2 40 35
5 83 46
4 55 29
4 69 38
3 84 35
2 58 34
2 80 43
5 68 40
2 77 11
1 29 41
3 83 48
5 44 92
3 66 95
6 23 73
3 71 72
4 38 78
5 34 95
2 32 79
5 29 31
5 16 93
4 81 38
6 12 11
1 95 69
6 96 29
6 55 97